E36P   1    1.0000   1.   1.0   0.0
E36P   2    1.0000   1.   2.0   0.0
E36P   3    1.0000   1.   3.0   0.0
E36P   4    1.0000   1.   4.0   0.0
E36P   5    1.0000   1.   5.0   0.0
E36P   6    1.0000   1.   6.0   0.0
E36P   7    1.0000   1.   7.0   0.0
E36P   8    1.0000   1.   8.0   0.0
E36P   9    1.0000   1.   9.0   0.0
E36P  10    1.0000   1.  10.0   0.0
E36P  11    1.0000   1.  11.0   0.0
E36P  12    1.0000   1.  12.0   0.0
E36P  13    1.0000   1.  13.0   0.0
E36P  14    1.0000   1.  14.0   0.0
E36P  15    1.0000   1.  15.0   0.0
E36P  16    1.0000   1.  16.0   0.0
E36P  17    1.0000   1.  17.0   0.0
E36P  18    1.0000   1.  18.0   0.0
E36P  19    1.0000   1.  19.0   0.0
